$ANSIBLE_VAULT;1.1;AES256
66343430353164353034343430623565626166646135303930303063636630376339643561353433
3130643733623962623065616436396331386137666435310a356435333634633561626235626164
39643037396535373963616464363139343330646236333535373731326436623164323230376436
3461353463343630630a656164633965653763383436663462653463363032383333386434316661
37633132333135313838383936373035616431373764373237303539346165366363393565666166
33666333323433323262316631646164306534333533656431366231393266346331626130383133
61343339623462363063333463313465626437326536376439623063353536333739396237373935
64336430333631616331393635363539316433333732313566316265303361333030346132643562
66616665643031376538633937356430306565373435666636653565393831393066333330393232
38373139343865653337313061383663643331363566373363656130643032663763653531633533
66646634646431313964363438373064376439653138613637666439353032393365346161343863
33656563643261653062346634326333323633343166353962363632346433363935373431656231
32373637653831643963346463326232336639653163333931353838356238646562663036376135
32363535363730393865353565393932663331313864343336313037616135346239643030363231
33303637353435353638613532383462653331666261643762356235383035666665333830393238
36386638626564663665633662343964343362313531346565643062326233643465373231636230
63336166656562313164616134366531313766343834366663326264396235343265313465353064
35363330643366333031643138666136353962396435376336613662373532616365633063643364
66313866343435616164643732363130386139663034663734356233376430393435663266386632
33303563376265396563653638396234336463346161353261666536386639663635613336356464
39636137376439333235356333346632353764656338386437666333323634383530613663313835
65306137636331316461366637363566333032343138343939326539663632623162643063306437
66333733366330323138383834666631316338613235323639356237303330383231336538333439
61373266373166626663633139623230616235626634313030346435306235626364396430373133
35653731313236323162363262376664646434306434326435383863323730373531386230383836
33653066616434346564313834376662306634656137353639633936623436663061666664353665
37316635636165346334653966653339386132613833343961326161613537343637386131326366
33666232643134316666366335633061626465666637376334303332643964356134656366613935
33636530393166356436633332653935343563333434636138313535663566656331666130396331
32336561353533643138653933323339626634323763323766363666376264646434353561663866
37613961373562656437383266353237656664303835633962313162373639623932636565316365
38333639373838616138396636653939333335663639393965386364373138376537313862336232
62373434643231353138383564363330373838373761373736343165316332383362383061373764
35326566373661613766333131303335383562313631373662396161336161613031396362636138
35633662346131393039656132326132336634626232646132343134316562643430633530356366
30633565303236353339303166643737643861343234343062663031303538663762353734363063
64636335396436323432656664336632386262633661393564343136356134326438343331313034
39633432646137313838316337323436386632326137663730323935636435396266393934656661
34393038653262373835633533373637343166343037653661303038663637313966646630353130
31316139316234336262643365396534356662396631643738643035646664306139316132316164
36613938353733383337323736666338653663626364396133613365333330316136326330646333
61666462373531373331643930656233353336363363323935643465656166343239646337666639
33383035356435346232353537653666323331346131373637663331373036643933633837626234
36653432333337313839393362306238313962633137396662323663353062343231626231623237
63613232613134386235363037636533656136306565396332373234376230623434313537343761
63616661373230616431616263633035616666633731356665353261396431356239656131333839
35303936303337626135383665393761366264613338386432376634656236386563613030306135
37343437623265356261373035613065343262336132386639346265363735363938393339623639
62346534656361303565383866306134303061633463363938373531313337373362316164366263
66643331323031383035353538306461343932333830623639336336393666376634636464666366
62316537646463333963303865626265646433663564313065646264656564346539353534326236
62346438663630306164316638343565323936656334646461636361356235623632663065323935
65316531633439323061636330313636353931366438346133386465363230336239353437316634
39353234346437363033356364323465636462663663653037353464313862323461383561343334
34366635643536343338306239653133613036613939386435333561616364346236636664303935
64333633323439373437646535306262346262666261323338653165633734303734336662323664
34633731356333393436333966386434346562393538633738356665346130316234663135393563
32383065393463343933633530613562613263333766313432616435323462363332633364393861
66356134386431306232346131343631616364396537656330373961313335663864623532616566
64646465383736393133613835303264316538333264376532313737303761613364383533366263
65636333303461643364316531393235323263306331343066653535616136303235373137373164
34333432316634323933616233343533613033346235346363656131313265326161333565343766
62636161376332353931663362626234383236663738353465323166633265633562356536303233
30353864396464356530396234376263363732316134663866313237376533323362326631373734
36653161313461646538613466376232666633373165366632313334356563616538396230343339
39376239616330653932653838353131383261383135326636393235333333386331346264663838
65666237363062336362643732663532623461663862343332363739303261396231633230366633
65333261323866636639616231346630393335616633333637346637633533373630303730333638
65623530376235303063326235386538363362373165346663663235333337353563623462396464
30656166366139353065386330333630343136316432306632366132333334653433633061616332
38303833623838326463623834366363376161343665663731623035333562366238643264653362
62356162303861323261343933653933653833326366363232656639393538613861363231656331
32616239333530663764336531313561396532633062633531666661353062666436366262663133
35306666313935373531313164626430626462363566373733383431316231323163386636343635
33623334666430303533353632663665626339303066363362336631653835376666303333373966
32313837306434316462396232323765313930663939366665613062643733313566333036323035
63626662383735363931316430393636323236666436343265643666373236643863666363663530
62393962653639636435316432633636623762373962363937613463333031636332663865343735
34363866353431376661303136333038383764306634633766656331613232613361636266313431
38336639666561323738336364333665666462666236613131353039666563356432333166633764
65383634633331363662653766333863396331303166373230336137656463613639656662383334
35393766306632336561396639333031326163313435336530386365666334346330303263333030
30346130383766333061343265623461376435303636343765356366316664653239393430376631
32383862646637383731663539386230396533636130363664333838633364383034623138366463
37613630343330656434663530363532343238636533363532653964656231613930326432643265
35616234343531353437366264313234373333666233306165626336396361663765333066626461
35646337623436343735663838323735373664656232333965663035653661373361356339303465
33666331643233313465373636643330316234623135313735636136333934353862353661393865
38636466656332363330353764653939646232326230393333396166666533323831663634626536
30613735373531346339396533396563323239666264393831363563633338383839373431653431
34363235333130393935333962326365643532313935373263356537623831663162663564363264
31316565383964366134383639623330633533666137363337626664393439373035623865303330
33613239363865643663343666333237393735303166373838643166386134626565646435326438
63383232326534633132326634383035353461363734313733336136333031323738633466353861
39353433653935376133636461316361326433633166313461643036333130333233616633306534
62663332343437653033663130613637373738626566313739396239613831393830346165316333
64346432366233373231343734353931643537616566343163636632643333383633643336323165
66393131643061653131616430346139383337666265396630663263393361643366323935616262
61313239363762643834616332396266343565366164613038363732353630386335373639326366
34343333663936343763386139346265666138366435383137336234353435613064633662656135
63316131306234303335373566363637333639653330303833656635613965306536366534356530
34613338616534633439643738336536316162626336333235643533633962326363303932623063
35623862663733336438376338393262383161373261303764653632636265643964343538303234
66623963383132313937663662356633653064326262313838663935323365666639653766363866
38313933626534346638373666663366663433313238396232633161653563633461356661343962
34336364333934613236336662373361323366363963363435346432623564306266376137613339
63363835323865353635303464386561396666633934643966623734633434313838656534393139
66666334653733653937643135613739376362383661313639383139313439303038353636666437
31623634656232356561636435326636313761376633663137396538393330646263656134346162
36313166393035396262653533616663623634376337633038373130316534646334303439336262
34343861326230386130646166373039313239633832313764353830313938373433373865353637
39363633303333343034623332383338333737663564636235386134343664623530623937396662
36613665636234393835343930323431303232626261336231613535346632663634626135326336
37666364393032313361616531306361363436333733353737643465616364646436353864653961
37663334316662303730386561653635313065616337353632623931393639333135653335323133
38633162363730353036623361316538643635336431646130373530366336666164613233343635
66323933373538333061303930333135393230333561613963346436373530326538656562663538
30376432323037366665393266336663666438653538393936643731343939613261616139616637
36633036336563316664323330333465373138346165663035333633633364613931323435343664
31306538386130623331633066336435383765383936613437653333643936303535663734633265
33633464643438373662333333643031306534643636386633386566643666316335643065306535
39623866366332653232383439306632346463643136353938663038663639373331643437353364
66303337363966323037653865666132616338366662363437313939373637643266383433383261
35623439303065333039383664363061656366366333373362316535333637646437373830343237
39376662353830323662393362386130393365613437643763643564616361393362633161623636
66363132373564386663353666643261623930666238323538613463363536333365336532343838
30313764393836326133376337363765343238316637363530386337393531316235616135386137
38643131653239343931326330656133386365393261353364356432313764613632646264306564
34373166396638333833356138626562613361663132373766316537353438623431663363393432
33393061353963383237663135636263343031373331363664666638663831333432323036343130
613465393966353836396636633366356136
